1111111111111111
1111111111111101
1111111111111011
1111111111111001
1111111111110111
1111111111110101
1111111111110011
1111111111110001
1111111111101111
1111111111101101
1111111111101011
1111111111101001
1111111111100111
1111111111100101
1111111111100011
1111111111100001
1111111111011111
1111111111011101
1111111111011011
1111111111011001
1111111111010111
1111111111010101
1111111111010011
1111111111010001
1111111111001111
1111111111001101
1111111111001011
1111111111001001
1111111111000111
1111111111000101
1111111111000011
1111111111000001
1111111110111111
1111111110111101
1111111110111011
1111111110111001
1111111110110111
1111111110110101
1111111110110011
1111111110110001
1111111110101111
1111111110101101
1111111110101011
1111111110101001
1111111110100111
1111111110100101
1111111110100011
1111111110100001
1111111110011111
1111111110011101
1111111110011011
1111111110011001
1111111110010111
1111111110010101
1111111110010011
1111111110010001
1111111110001111
1111111110001101
1111111110001011
1111111110001001
1111111110000111
1111111110000101
1111111110000011
1111111110000001
1111111101111111
1111111101111101
1111111101111011
1111111101111001
1111111101110111
1111111101110101
1111111101110011
1111111101110001
1111111101101111
1111111101101101
1111111101101011
1111111101101001
1111111101100111
1111111101100101
1111111101100011
1111111101100001
1111111101011111
1111111101011101
1111111101011011
1111111101011001
1111111101010111
1111111101010101
1111111101010011
1111111101010001
1111111101001111
1111111101001101
1111111101001011
1111111101001001
1111111101000111
1111111101000101
1111111101000011
1111111101000001
1111111100111111
1111111100111101
1111111100111011
1111111100111001
1111111100110111
1111111100110101
1111111100110011
1111111100110001
1111111100101111
1111111100101101
1111111100101011
1111111100101001
1111111100100111
1111111100100101
1111111100100011
1111111100100001
1111111100011111
1111111100011101
1111111100011011
1111111100011001
1111111100010111
1111111100010101
1111111100010011
1111111100010001
1111111100001111
1111111100001101
1111111100001011
1111111100001001
1111111100000111
1111111100000101
1111111100000011
1111111100000001
1111111011111111
1111111011111101
1111111011111011
1111111011111001
1111111011110111
1111111011110101
1111111011110011
1111111011110001
1111111011101111
1111111011101101
1111111011101011
1111111011101001
1111111011100111
1111111011100101
1111111011100011
1111111011100001
1111111011011111
1111111011011101
1111111011011011
1111111011011001
1111111011010111
1111111011010101
1111111011010011
1111111011010001
1111111011001111
1111111011001101
1111111011001011
1111111011001001
1111111011000111
1111111011000101
1111111011000011
1111111011000001
1111111010111111
1111111010111101
1111111010111011
1111111010111001
1111111010110111
1111111010110101
1111111010110011
1111111010110001
1111111010101111
1111111010101101
1111111010101011
1111111010101001
1111111010100111
1111111010100101
1111111010100011
1111111010100001
1111111010011111
1111111010011101
1111111010011011
1111111010011001
1111111010010111
1111111010010101
1111111010010011
1111111010010001
1111111010001111
1111111010001101
1111111010001011
1111111010001001
1111111010000111
1111111010000101
1111111010000011
1111111010000001
1111111001111111
1111111001111101
1111111001111011
1111111001111001
1111111001110111
1111111001110101
1111111001110011
1111111001110001
1111111001101111
1111111001101101
1111111001101011
1111111001101001
1111111001100111
1111111001100101
1111111001100011
1111111001100001
1111111001011111
1111111001011101
1111111001011011
1111111001011001
1111111001010111
1111111001010101
1111111001010011
1111111001010001
1111111001001111
1111111001001101
1111111001001011
1111111001001001
1111111001000111
1111111001000101
1111111001000011
1111111001000001
1111111000111111
1111111000111101
1111111000111011
1111111000111001
1111111000110111
1111111000110101
1111111000110011
1111111000110001
1111111000101111
1111111000101101
1111111000101011
1111111000101001
1111111000100111
1111111000100101
1111111000100011
1111111000100001
1111111000011111
1111111000011101
1111111000011011
1111111000011001
1111111000010111
1111111000010101
1111111000010011
1111111000010001
1111111000001111
1111111000001101
1111111000001011
1111111000001001
1111111000000111
1111111000000101
1111111000000011
1111111000000001
1111110111111111
1111110111111101
1111110111111011
1111110111111001
1111110111110111
1111110111110101
1111110111110011
1111110111110001
1111110111101111
1111110111101101
1111110111101011
1111110111101001
1111110111100111
1111110111100101
1111110111100011
1111110111100001
1111110111011111
1111110111011101
1111110111011011
1111110111011001
1111110111010111
1111110111010101
1111110111010011
1111110111010001
1111110111001111
1111110111001101
1111110111001011
1111110111001001
1111110111000111
1111110111000101
1111110111000011
1111110111000001
1111110110111111
1111110110111101
1111110110111011
1111110110111001
1111110110110111
1111110110110101
1111110110110011
1111110110110001
1111110110101111
1111110110101101
1111110110101011
1111110110101001
1111110110100111
1111110110100101
1111110110100011
1111110110100001
1111110110011111
1111110110011101
1111110110011011
1111110110011001
1111110110010111
1111110110010101
1111110110010011
1111110110010001
1111110110001111
1111110110001101
1111110110001011
1111110110001001
1111110110000111
1111110110000101
1111110110000011
1111110110000001
1111110101111111
1111110101111101
1111110101111011
1111110101111001
1111110101110111
1111110101110101
1111110101110011
1111110101110001
1111110101101111
1111110101101101
1111110101101011
1111110101101001
1111110101100111
1111110101100101
1111110101100011
1111110101100001
1111110101011111
1111110101011101
1111110101011011
1111110101011001
1111110101010111
1111110101010101
1111110101010011
1111110101010001
1111110101001111
1111110101001101
1111110101001011
1111110101001001
1111110101000111
1111110101000101
1111110101000011
1111110101000001
1111110100111111
1111110100111101
1111110100111011
1111110100111001
1111110100110111
1111110100110101
1111110100110011
1111110100110001
1111110100101111
1111110100101101
1111110100101011
1111110100101001
1111110100100111
1111110100100101
1111110100100011
1111110100100001
1111110100011111
1111110100011101
1111110100011011
1111110100011001
1111110100010111
1111110100010101
1111110100010011
1111110100010001
1111110100001111
1111110100001101
1111110100001011
1111110100001001
1111110100000111
1111110100000101
1111110100000011
1111110100000001
1111110011111111
1111110011111101
1111110011111011
1111110011111001
1111110011110111
1111110011110101
1111110011110011
1111110011110001
1111110011101111
1111110011101101
1111110011101011
1111110011101001
1111110011100111
1111110011100101
1111110011100011
1111110011100001
1111110011011111
1111110011011101
1111110011011011
1111110011011001
1111110011010111
1111110011010101
1111110011010011
1111110011010001
1111110011001111
1111110011001101
1111110011001011
1111110011001001
1111110011000111
1111110011000101
1111110011000011
1111110011000001
1111110010111111
1111110010111101
1111110010111011
1111110010111001
1111110010110111
1111110010110101
1111110010110011
1111110010110001
1111110010101111
1111110010101101
1111110010101011
1111110010101001
1111110010100111
1111110010100101
1111110010100011
1111110010100001
1111110010011111
1111110010011101
1111110010011011
1111110010011001
1111110010010111
1111110010010101
1111110010010011
1111110010010001
1111110010001111
1111110010001101
1111110010001011
1111110010001001
1111110010000111
1111110010000101
1111110010000011
1111110010000001
1111110001111111
1111110001111101
1111110001111011
1111110001111001
1111110001110111
1111110001110101
1111110001110011
1111110001110001
1111110001101111
1111110001101101
1111110001101011
1111110001101001
1111110001100111
1111110001100101
1111110001100011
1111110001100001
1111110001011111
1111110001011101
1111110001011011
1111110001011001
1111110001010111
1111110001010101
1111110001010011
1111110001010001
1111110001001111
1111110001001101
1111110001001011
1111110001001001
1111110001000111
1111110001000101
1111110001000011
1111110001000001
1111110000111111
1111110000111101
1111110000111011
1111110000111001
1111110000110111
1111110000110101
1111110000110011
1111110000110001
1111110000101111
1111110000101101
1111110000101011
1111110000101001
1111110000100111
1111110000100101
1111110000100011
1111110000100001
1111110000011111
1111110000011101
1111110000011011
1111110000011001
1111110000010111
1111110000010101
1111110000010011
1111110000010001
1111110000001111
1111110000001101
1111110000001011
1111110000001001
1111110000000111
1111110000000101
1111110000000011
1111110000000001
1111101111111111
1111101111111101
1111101111111011
1111101111111001
1111101111110111
1111101111110101
1111101111110011
1111101111110001
1111101111101111
1111101111101101
1111101111101011
1111101111101001
1111101111100111
1111101111100101
1111101111100011
1111101111100001
1111101111011111
1111101111011101
1111101111011011
1111101111011001
1111101111010111
1111101111010101
1111101111010011
1111101111010001
1111101111001111
1111101111001101
1111101111001011
1111101111001001
1111101111000111
1111101111000101
1111101111000011
1111101111000001
1111101110111111
1111101110111101
1111101110111011
1111101110111001
1111101110110111
1111101110110101
1111101110110011
1111101110110001
1111101110101111
1111101110101101
1111101110101011
1111101110101001
1111101110100111
1111101110100101
1111101110100011
1111101110100001
1111101110011111
1111101110011101
1111101110011011
1111101110011001
1111101110010111
1111101110010101
1111101110010011
1111101110010001
1111101110001111
1111101110001101
1111101110001011
1111101110001001
1111101110000111
1111101110000101
1111101110000011
1111101110000001
1111101101111111
1111101101111101
1111101101111011
1111101101111001
1111101101110111
1111101101110101
1111101101110011
1111101101110001
1111101101101111
1111101101101101
1111101101101011
1111101101101001
1111101101100111
1111101101100101
1111101101100011
1111101101100001
1111101101011111
1111101101011101
1111101101011011
1111101101011001
1111101101010111
1111101101010101
1111101101010011
1111101101010001
1111101101001111
1111101101001101
1111101101001011
1111101101001001
1111101101000111
1111101101000101
1111101101000011
1111101101000001
1111101100111111
1111101100111101
1111101100111011
1111101100111001
1111101100110111
1111101100110101
1111101100110011
1111101100110001
1111101100101111
1111101100101101
1111101100101011
1111101100101001
1111101100100111
1111101100100101
1111101100100011
1111101100100001
1111101100011111
1111101100011101
1111101100011011
1111101100011001
1111101100010111
1111101100010101
1111101100010011
1111101100010001
1111101100001111
1111101100001101
1111101100001011
1111101100001001
1111101100000111
1111101100000101
1111101100000011
1111101100000001
1111101011111111
1111101011111101
1111101011111011
1111101011111001
1111101011110111
1111101011110101
1111101011110011
1111101011110001
1111101011101111
1111101011101101
1111101011101011
1111101011101001
1111101011100111
1111101011100101
1111101011100011
1111101011100001
1111101011011111
1111101011011101
1111101011011011
1111101011011001
1111101011010111
1111101011010101
1111101011010011
1111101011010001
1111101011001111
1111101011001101
1111101011001011
1111101011001001
1111101011000111
1111101011000101
1111101011000011
1111101011000001
1111101010111111
1111101010111101
1111101010111011
1111101010111001
1111101010110111
1111101010110101
1111101010110011
1111101010110001
1111101010101111
1111101010101101
1111101010101011
1111101010101001
1111101010100111
1111101010100101
1111101010100011
1111101010100001
1111101010011111
1111101010011101
1111101010011011
1111101010011001
1111101010010111
1111101010010101
1111101010010011
1111101010010001
1111101010001111
1111101010001101
1111101010001011
1111101010001001
1111101010000111
1111101010000101
1111101010000011
1111101010000001
1111101001111111
1111101001111101
1111101001111011
1111101001111001
1111101001110111
1111101001110101
1111101001110011
1111101001110001
1111101001101111
1111101001101101
1111101001101011
1111101001101001
1111101001100111
1111101001100101
1111101001100011
1111101001100001
1111101001011111
1111101001011101
1111101001011011
1111101001011001
1111101001010111
1111101001010101
1111101001010011
1111101001010001
1111101001001111
1111101001001101
1111101001001011
1111101001001001
1111101001000111
1111101001000101
1111101001000011
1111101001000001
1111101000111111
1111101000111101
1111101000111011
1111101000111001
1111101000110111
1111101000110101
1111101000110011
1111101000110001
1111101000101111
1111101000101101
1111101000101011
1111101000101001
1111101000100111
1111101000100101
1111101000100011
1111101000100001
1111101000011111
1111101000011101
1111101000011011
1111101000011001
1111101000010111
1111101000010101
1111101000010011
1111101000010001
1111101000001111
1111101000001101
1111101000001011
1111101000001001
1111101000000111
1111101000000101
1111101000000011
1111101000000001
1111100111111111
1111100111111101
1111100111111011
1111100111111001
1111100111110111
1111100111110101
1111100111110011
1111100111110001
1111100111101111
1111100111101101
1111100111101011
1111100111101001
1111100111100111
1111100111100101
1111100111100011
1111100111100001
1111100111011111
1111100111011101
1111100111011011
1111100111011001
1111100111010111
1111100111010101
1111100111010011
1111100111010001
1111100111001111
1111100111001101
1111100111001011
1111100111001001
1111100111000111
1111100111000101
1111100111000011
1111100111000001
1111100110111111
1111100110111101
1111100110111011
1111100110111001
1111100110110111
1111100110110101
1111100110110011
1111100110110001
1111100110101111
1111100110101101
1111100110101011
1111100110101001
1111100110100111
1111100110100101
1111100110100011
1111100110100001
1111100110011111
1111100110011101
1111100110011011
1111100110011001
1111100110010111
1111100110010101
1111100110010011
1111100110010001
1111100110001111
1111100110001101
1111100110001011
1111100110001001
1111100110000111
1111100110000101
1111100110000011
1111100110000001
1111100101111111
1111100101111101
1111100101111011
1111100101111001
1111100101110111
1111100101110101
1111100101110011
1111100101110001
1111100101101111
1111100101101101
1111100101101011
1111100101101001
1111100101100111
1111100101100101
1111100101100011
1111100101100001
1111100101011111
1111100101011101
1111100101011011
1111100101011001
1111100101010111
1111100101010101
1111100101010011
1111100101010001
1111100101001111
1111100101001101
1111100101001011
1111100101001001
1111100101000111
1111100101000101
1111100101000011
1111100101000001
1111100100111111
1111100100111101
1111100100111011
1111100100111001
1111100100110111
1111100100110101
1111100100110011
1111100100110001
1111100100101111
1111100100101101
1111100100101011
1111100100101001
1111100100100111
1111100100100101
1111100100100011
1111100100100001
1111100100011111
1111100100011101
1111100100011011
1111100100011001
1111100100010111
1111100100010101
1111100100010011
1111100100010001
1111100100001111
1111100100001101
1111100100001011
1111100100001001
1111100100000111
1111100100000101
1111100100000011
1111100100000001
1111100011111111
1111100011111101
1111100011111011
1111100011111001
1111100011110111
1111100011110101
1111100011110011
1111100011110001
1111100011101111
1111100011101101
1111100011101011
1111100011101001
1111100011100111
1111100011100101
1111100011100011
1111100011100001
1111100011011111
1111100011011101
1111100011011011
1111100011011001
1111100011010111
1111100011010101
1111100011010011
1111100011010001
1111100011001111
1111100011001101
1111100011001011
1111100011001001
1111100011000111
1111100011000101
1111100011000011
1111100011000001
1111100010111111
1111100010111101
1111100010111011
1111100010111001
1111100010110111
1111100010110101
1111100010110011
1111100010110001
1111100010101111
1111100010101101
1111100010101011
1111100010101001
1111100010100111
1111100010100101
1111100010100011
1111100010100001
1111100010011111
1111100010011101
1111100010011011
1111100010011001
1111100010010111
1111100010010101
1111100010010011
1111100010010001
1111100010001111
1111100010001101
1111100010001011
1111100010001001
1111100010000111
1111100010000101
1111100010000011
1111100010000001
1111100001111111
1111100001111101
1111100001111011
1111100001111001
1111100001110111
1111100001110101
1111100001110011
1111100001110001
1111100001101111
1111100001101101
1111100001101011
1111100001101001
1111100001100111
1111100001100101
1111100001100011
1111100001100001
1111100001011111
1111100001011101
1111100001011011
1111100001011001
1111100001010111
1111100001010101
1111100001010011
1111100001010001
1111100001001111
1111100001001101
1111100001001011
1111100001001001
1111100001000111
1111100001000101
1111100001000011
1111100001000001
1111100000111111
1111100000111101
1111100000111011
1111100000111001
1111100000110111
1111100000110101
1111100000110011
1111100000110001
1111100000101111
1111100000101101
1111100000101011
1111100000101001
1111100000100111
1111100000100101
1111100000100011
1111100000100001
1111100000011111
1111100000011101
1111100000011011
1111100000011001
1111100000010111
1111100000010101
1111100000010011
1111100000010001
1111100000001111
1111100000001101
1111100000001011
1111100000001001
1111100000000111
1111100000000101
1111100000000011
1111100000000001
1111011111111111
1111011111111101
1111011111111011
1111011111111001
1111011111110111
1111011111110101
1111011111110011
1111011111110001
1111011111101111
1111011111101101
1111011111101011
1111011111101001
1111011111100111
1111011111100101
1111011111100011
1111011111100001
1111011111011111
1111011111011101
1111011111011011
1111011111011001
1111011111010111
1111011111010101
1111011111010011
1111011111010001
1111011111001111
1111011111001101
1111011111001011
1111011111001001
1111011111000111
1111011111000101
1111011111000011
1111011111000001
1111011110111111
1111011110111101
1111011110111011
1111011110111001
1111011110110111
1111011110110101
1111011110110011
1111011110110001
1111011110101111
1111011110101101
1111011110101011
1111011110101001
1111011110100111
1111011110100101
1111011110100011
1111011110100001
1111011110011111
1111011110011101
1111011110011011
1111011110011001
1111011110010111
1111011110010101
1111011110010011
1111011110010001
1111011110001111
1111011110001101
1111011110001011
1111011110001001
1111011110000111
1111011110000101
1111011110000011
1111011110000001
1111011101111111
1111011101111101
1111011101111011
1111011101111001
1111011101110111
1111011101110101
1111011101110011
1111011101110001
1111011101101111
1111011101101101
1111011101101011
1111011101101001
1111011101100111
1111011101100101
1111011101100011
1111011101100001
1111011101011111
1111011101011101
1111011101011011
1111011101011001
1111011101010111
1111011101010101
1111011101010011
1111011101010001
1111011101001111
1111011101001101
1111011101001011
1111011101001001
1111011101000111
1111011101000101
1111011101000011
1111011101000001
1111011100111111
1111011100111101
1111011100111011
1111011100111001
1111011100110111
1111011100110101
1111011100110011
1111011100110001
1111011100101111
1111011100101101
1111011100101011
1111011100101001
1111011100100111
1111011100100101
1111011100100011
1111011100100001
1111011100011111
1111011100011101
1111011100011011
1111011100011001
1111011100010111
1111011100010101
1111011100010011
1111011100010001
1111011100001111
1111011100001101
1111011100001011
1111011100001001
1111011100000111
1111011100000101
1111011100000011
1111011100000001
1111011011111111
1111011011111101
1111011011111011
1111011011111001
1111011011110111
1111011011110101
1111011011110011
1111011011110001
1111011011101111
1111011011101101
1111011011101011
1111011011101001
1111011011100111
1111011011100101
1111011011100011
1111011011100001
1111011011011111
1111011011011101
1111011011011011
1111011011011001
1111011011010111
1111011011010101
1111011011010011
1111011011010001
1111011011001111
1111011011001101
1111011011001011
1111011011001001
1111011011000111
1111011011000101
1111011011000011
1111011011000001
1111011010111111
1111011010111101
1111011010111011
1111011010111001
1111011010110111
1111011010110101
1111011010110011
1111011010110001
1111011010101111
1111011010101101
1111011010101011
1111011010101001
1111011010100111
1111011010100101
1111011010100011
1111011010100001
1111011010011111
1111011010011101
1111011010011011
1111011010011001
1111011010010111
1111011010010101
1111011010010011
1111011010010001
1111011010001111
1111011010001101
1111011010001011
1111011010001001
1111011010000111
1111011010000101
1111011010000011
1111011010000001
1111011001111111
1111011001111101
1111011001111011
1111011001111001
1111011001110111
1111011001110101
1111011001110011
1111011001110001
1111011001101111
1111011001101101
1111011001101011
1111011001101001
1111011001100111
1111011001100101
1111011001100011
1111011001100001
1111011001011111
1111011001011101
1111011001011011
1111011001011001
1111011001010111
1111011001010101
1111011001010011
1111011001010001
1111011001001111
1111011001001101
1111011001001011
1111011001001001
1111011001000111
1111011001000101
1111011001000011
1111011001000001
1111011000111111
1111011000111101
1111011000111011
1111011000111001
1111011000110111
1111011000110101
1111011000110011
1111011000110001
1111011000101111
1111011000101101
1111011000101011
1111011000101001
1111011000100111
1111011000100101
1111011000100011
1111011000100001
1111011000011111
1111011000011101
1111011000011011
1111011000011001
1111011000010111
1111011000010101
1111011000010011
1111011000010001
1111011000001111
1111011000001101
1111011000001011
1111011000001001
1111011000000111
1111011000000101
1111011000000011
1111011000000001
1111010111111111
1111010111111101
1111010111111011
1111010111111001
1111010111110111
1111010111110101
1111010111110011
1111010111110001
1111010111101111
1111010111101101
1111010111101011
1111010111101001
1111010111100111
1111010111100101
1111010111100011
1111010111100001
1111010111011111
1111010111011101
1111010111011011
1111010111011001
1111010111010111
1111010111010101
1111010111010011
1111010111010001
1111010111001111
1111010111001101
1111010111001011
1111010111001001
1111010111000111
1111010111000101
1111010111000011
1111010111000001
1111010110111111
1111010110111101
1111010110111011
1111010110111001
1111010110110111
1111010110110101
1111010110110011
1111010110110001
1111010110101111
1111010110101101
1111010110101011
1111010110101001
1111010110100111
1111010110100101
1111010110100011
1111010110100001
1111010110011111
1111010110011101
1111010110011011
1111010110011001
1111010110010111
1111010110010101
1111010110010011
1111010110010001
1111010110001111
1111010110001101
1111010110001011
1111010110001001
1111010110000111
1111010110000101
1111010110000011
1111010110000001
1111010101111111
1111010101111101
1111010101111011
1111010101111001
1111010101110111
1111010101110101
1111010101110011
1111010101110001
1111010101101111
1111010101101101
1111010101101011
1111010101101001
1111010101100111
1111010101100101
1111010101100011
1111010101100001
1111010101011111
1111010101011101
1111010101011011
1111010101011001
1111010101010111
1111010101010101
1111010101010011
1111010101010001
1111010101001111
1111010101001101
1111010101001011
1111010101001001
1111010101000111
1111010101000101
1111010101000011
1111010101000001
1111010100111111
1111010100111101
1111010100111011
1111010100111001
1111010100110111
1111010100110101
1111010100110011
1111010100110001
1111010100101111
1111010100101101
1111010100101011
1111010100101001
1111010100100111
1111010100100101
1111010100100011
1111010100100001
1111010100011111
1111010100011101
1111010100011011
1111010100011001
1111010100010111
1111010100010101
1111010100010011
1111010100010001
1111010100001111
1111010100001101
1111010100001011
1111010100001001
1111010100000111
1111010100000101
1111010100000011
1111010100000001
1111010011111111
1111010011111101
1111010011111011
1111010011111001
1111010011110111
1111010011110101
1111010011110011
1111010011110001
1111010011101111
1111010011101101
1111010011101011
1111010011101001
1111010011100111
1111010011100101
1111010011100011
1111010011100001
1111010011011111
1111010011011101
1111010011011011
1111010011011001
1111010011010111
1111010011010101
1111010011010011
1111010011010001
1111010011001111
1111010011001101
1111010011001011
1111010011001001
1111010011000111
1111010011000101
1111010011000011
1111010011000001
1111010010111111
1111010010111101
1111010010111011
1111010010111001
1111010010110111
1111010010110101
1111010010110011
1111010010110001
1111010010101111
1111010010101101
1111010010101011
1111010010101001
1111010010100111
1111010010100101
1111010010100011
1111010010100001
1111010010011111
1111010010011101
1111010010011011
1111010010011001
1111010010010111
1111010010010101
1111010010010011
1111010010010001
1111010010001111
1111010010001101
1111010010001011
1111010010001001
1111010010000111
1111010010000101
1111010010000011
1111010010000001
1111010001111111
1111010001111101
1111010001111011
1111010001111001
1111010001110111
1111010001110101
1111010001110011
1111010001110001
1111010001101111
1111010001101101
1111010001101011
1111010001101001
1111010001100111
1111010001100101
1111010001100011
1111010001100001
1111010001011111
1111010001011101
1111010001011011
1111010001011001
1111010001010111
1111010001010101
1111010001010011
1111010001010001
1111010001001111
1111010001001101
1111010001001011
1111010001001001
